000.jpg 63 166 73 8 8 132 46 8 8 106 52 8 8 90 52 8 8 79 43 8 8 85 38 8 8 126 20 8 8 138 20 8 8 182 12 8 8 206 39 8 8 200 42 8 8 184 41 8 8 240 36 8 8 275 29 8 8 284 29 8 8 291 39 8 8 311 39 8 8 326 14 8 8 335 13 8 8 349 13 8 8 359 14 8 8 379 12 8 8 373 36 8 8 367 48 8 8 375 54 8 8 356 66 8 8 348 65 8 8 340 53 8 8 352 38 8 8 363 34 8 8 412 29 8 8 421 32 8 8 430 31 8 8 441 30 8 8 470 34 8 8 465 17 8 8 471 20 8 8 479 16 8 8 491 32 8 8 472 45 8 8 457 57 8 8 435 52 8 8 425 60 8 8 414 63 8 8 407 56 8 8 394 80 8 8 400 85 8 8 418 84 8 8 426 91 8 8 436 93 8 8 453 90 8 8 465 90 8 8 488 90 8 8 487 112 8 8 458 122 8 8 447 123 8 8 428 112 8 8 418 109 8 8 405 122 8 8 389 120 8 8 381 120 8 8 362 106 8 8 365 88 8 8
002.jpg 13 8 33 10 10 27 48 12 12 20 35 14 14 5 61 16 16 60 58 16 16 76 29 14 14 98 32 12 12 121 74 8 8 130 72 12 12 158 99 16 16 74 108 16 16 184 37 16 16 163 58 14 14
023.jpg 21 104 178 28 28 377 202 26 26 388 304 20 20 304 307 28 28 448 386 24 24 411 387 22 22 418 353 22 22 395 360 22 22 360 399 20 20 479 391 24 24 573 308 22 22 557 344 20 20 608 354 22 22 637 294 18 18 677 298 22 22 730 276 24 24 787 121 22 22 757 182 24 24 576 140 18 18 526 137 24 24 356 82 24 24
044.jpg 13 379 190 32 32 338 199 32 32 220 44 38 38 171 163 40 40 106 29 36 36 26 45 32 32 96 164 42 42 640 310 38 38 716 340 34 34 404 380 38 38 398 453 40 40 312 420 42 42 648 50 46 46
019.jpg 7 291 66 26 26 232 60 28 28 329 36 26 26 455 40 32 32 751 250 42 42 590 205 46 46 554 213 48 48
003.jpg 25 140 71 8 8 26 71 8 8 19 89 8 8 52 75 8 8 41 58 8 8 132 143 8 8 151 146 8 8 182 144 8 8 180 168 8 8 159 167 8 8 87 168 8 8 68 155 8 8 55 159 8 8 38 144 8 8 32 158 8 8 213 19 8 8 296 57 8 8 333 98 8 8 285 184 8 8 249 161 10 10 230 160 12 12 215 154 8 8 204 158 12 12 129 233 12 12 16 228 14 14
006.jpg 41 16 1 18 18 172 7 16 16 366 29 16 16 273 23 12 12 300 23 12 12 308 67 14 14 285 74 22 22 261 98 22 22 299 101 20 20 319 107 16 16 356 110 18 18 347 147 22 22 344 177 20 20 358 180 18 18 385 158 18 18 345 70 22 22 348 24 16 16 385 63 16 16 402 62 14 14 226 0 10 10 211 9 18 18 163 11 14 14 82 1 18 18 90 33 16 16 86 71 18 18 112 122 16 16 125 32 18 18 139 93 18 18 157 122 18 18 176 116 18 18 205 122 20 20 232 121 16 16 263 154 16 16 237 144 20 20 229 152 18 18 198 148 16 16 174 154 18 18 129 153 18 18 83 136 16 16 37 176 18 18 60 196 20 20
005.jpg 2 285 329 20 20 605 365 16 16
007.jpg 8 123 42 8 8 160 20 8 8 190 21 8 8 174 81 8 8 157 103 8 8 137 118 8 8 131 117 8 8 121 128 8 8
012.jpg 7 89 175 32 32 446 124 32 32 544 81 30 30 583 75 34 34 591 128 40 40 707 95 32 32 813 0 26 26
042.jpg 2 357 279 20 20 681 238 8 8
010.jpg 4 316 299 76 76 511 175 74 74 530 329 54 54 242 59 52 52
041.jpg 7 178 22 16 16 221 20 20 20 528 21 18 18 297 118 20 20 234 103 14 14 237 113 8 8 158 23 16 16
020.jpeg 2 518 278 8 8 140 339 28 28
009.jpg 17 140 112 22 22 198 46 16 16 302 71 18 18 1 191 20 20 28 215 24 24 330 158 20 20 460 126 18 18 202 215 20 20 204 189 24 24 278 211 22 22 284 137 22 22 292 155 8 8 554 176 26 26 599 191 20 20 562 222 20 20 507 177 22 22 93 186 22 22
