../sampleImages/056.jpg 2 101 128 28 28 131 142 28 28
../sampleImages/020.jpeg 2 518 278 8 8 140 339 28 28
../sampleImages/010.jpg 5 316 299 76 76 511 175 74 74 530 329 54 54 242 59 52 52 48 428 68 68
../sampleImages/048.jpg 7 407 85 24 24 622 218 26 26 507 108 22 22 115 193 26 26 316 142 32 32 296 106 24 24 304 23 22 22
../sampleImages/001.jpg 2 146 106 8 8 304 272 24 24
../sampleImages/053.jpg 11 291 164 28 28 250 217 30 30 155 245 28 28 184 238 28 28 63 169 30 30 37 180 28 28 109 245 32 32 309 299 32 32 415 247 34 34 448 241 34 34 340 9 34 34
../sampleImages/049.jpg 2 72 78 12 12 22 102 14 14
../sampleImages/069.jpg 10 220 127 62 62 324 59 48 48 355 5 50 50 515 248 60 60 377 296 62 62 502 334 58 58 695 275 56 56 71 119 56 56 140 70 48 48 543 46 52 52
../sampleImages/000.jpg 73 166 73 8 8 132 46 8 8 106 52 8 8 90 52 8 8 79 43 8 8 85 38 8 8 126 20 8 8 138 20 8 8 182 12 8 8 206 39 8 8 200 42 8 8 184 41 8 8 240 36 8 8 275 29 8 8 284 29 8 8 291 39 8 8 311 39 8 8 326 14 8 8 335 13 8 8 349 13 8 8 359 14 8 8 379 12 8 8 373 36 8 8 367 48 8 8 375 54 8 8 356 66 8 8 348 65 8 8 340 53 8 8 352 38 8 8 363 34 8 8 412 29 8 8 421 32 8 8 430 31 8 8 441 30 8 8 470 34 8 8 465 17 8 8 471 20 8 8 479 16 8 8 491 32 8 8 472 45 8 8 457 57 8 8 435 52 8 8 425 60 8 8 414 63 8 8 407 56 8 8 394 80 8 8 400 85 8 8 418 84 8 8 426 91 8 8 436 93 8 8 453 90 8 8 465 90 8 8 488 90 8 8 487 112 8 8 458 122 8 8 447 123 8 8 428 112 8 8 418 109 8 8 405 122 8 8 389 120 8 8 381 120 8 8 362 106 8 8 365 88 8 8 265 42 8 8 227 62 8 8 250 39 8 8 239 0 8 8 161 52 8 8 141 72 8 8 101 101 8 8 107 100 8 8 139 122 8 8 115 142 8 8
../sampleImages/006.jpg 68 16 1 18 18 172 7 16 16 366 29 16 16 273 23 12 12 300 23 12 12 308 67 14 14 285 74 22 22 261 98 22 22 299 101 20 20 319 107 16 16 356 110 18 18 347 147 22 22 344 177 20 20 358 180 18 18 385 158 18 18 345 70 22 22 348 24 16 16 385 63 16 16 402 62 14 14 226 0 10 10 211 9 18 18 163 11 14 14 82 1 18 18 90 33 16 16 86 71 18 18 112 122 16 16 125 32 18 18 139 93 18 18 157 122 18 18 176 116 18 18 205 122 20 20 232 121 16 16 263 154 16 16 237 144 20 20 229 152 18 18 198 148 16 16 174 154 18 18 129 153 18 18 83 136 16 16 37 176 18 18 60 196 20 20 109 107 18 18 26 64 18 18 37 40 18 18 12 68 20 20 347 0 18 18 51 68 18 18 299 172 18 18 296 151 18 18 281 136 16 16 336 223 16 16 303 205 16 16 268 183 20 20 91 192 22 22 94 176 20 20 0 196 16 16 40 106 20 20 17 114 18 18 120 86 18 18 96 87 16 16 43 133 18 18 0 133 16 16 197 112 18 18 236 76 14 14 223 90 18 18 239 42 22 22 280 0 18 18 381 225 20 20
../sampleImages/009.jpg 24 140 112 22 22 198 46 16 16 302 71 18 18 1 191 20 20 28 215 24 24 330 158 20 20 460 126 18 18 202 215 20 20 204 189 24 24 278 211 22 22 284 137 22 22 292 155 8 8 554 176 26 26 599 191 20 20 562 222 20 20 507 177 22 22 93 186 22 22 103 18 18 18 235 36 24 24 261 32 24 24 256 260 20 20 291 275 22 22 192 276 22 22 520 47 16 16
../sampleImages/071.jpg 2 637 191 82 82 278 418 86 86
../sampleImages/012.jpg 10 89 175 32 32 446 124 32 32 544 81 30 30 583 75 34 34 591 128 40 40 707 95 32 32 813 0 26 26 601 30 26 26 133 118 26 26 854 0 28 28
../sampleImages/058.jpg 11 475 46 36 36 65 48 32 32 26 45 26 26 325 186 40 40 408 185 36 36 377 133 38 38 190 188 38 38 322 15 30 30 400 11 32 32 546 27 30 30 473 147 34 34
../sampleImages/051.jpg 1 1105 440 68 68
../sampleImages/060.jpg 37 640 125 68 68 894 75 52 52 818 60 52 52 785 51 52 52 615 52 50 50 662 32 50 50 535 0 48 48 445 0 42 42 463 262 64 64 530 252 66 66 369 420 76 76 240 421 76 76 90 364 54 54 38 353 56 56 206 210 62 62 115 189 62 62 35 112 48 48 1 120 52 52 120 44 42 42 213 69 42 42 498 64 56 56 1182 109 42 42 1270 120 42 42 807 405 56 56 912 421 46 46 1000 362 70 70 1217 367 62 62 1266 401 56 56 1214 514 48 48 1159 478 54 54 1302 533 54 54 513 417 62 62 592 488 44 44 683 499 52 52 584 439 60 60 975 190 50 50 915 184 56 56
../sampleImages/042.jpg 2 357 279 20 20 681 238 8 8
../sampleImages/002.jpg 13 8 33 10 10 27 48 12 12 20 35 14 14 5 61 16 16 60 58 16 16 76 29 14 14 98 32 12 12 121 74 8 8 130 72 12 12 158 99 16 16 74 108 16 16 184 37 16 16 163 58 14 14
../sampleImages/063.jpg 6 500 79 38 38 324 73 42 42 374 115 32 32 4 89 34 34 222 94 34 34 984 272 38 38
../sampleImages/019.jpg 7 291 66 26 26 232 60 28 28 329 36 26 26 455 40 32 32 751 250 42 42 590 205 46 46 554 213 48 48
../sampleImages/047.jpg 2 179 114 22 22 171 122 18 18
../sampleImages/022.jpg 3 167 95 14 14 243 128 12 12 392 311 16 16
../sampleImages/068.jpg 14 243 56 8 8 206 30 8 8 196 30 8 8 187 15 8 8 162 23 8 8 154 21 8 8 192 75 8 8 207 82 8 8 232 113 8 8 246 117 8 8 304 78 8 8 310 79 8 8 341 70 8 8 398 88 8 8
../sampleImages/023.jpg 51 104 178 28 28 377 202 26 26 388 304 20 20 304 307 28 28 448 386 24 24 411 387 22 22 418 353 22 22 395 360 22 22 360 399 20 20 479 391 24 24 573 308 22 22 557 344 20 20 608 354 22 22 637 294 18 18 677 298 22 22 730 276 24 24 787 121 22 22 757 182 24 24 576 140 18 18 526 137 24 24 356 82 24 24 413 452 28 28 552 483 28 28 648 516 24 24 512 462 30 30 499 570 28 28 381 569 26 26 373 548 32 32 322 539 30 30 258 552 24 24 147 435 24 24 119 380 22 22 90 375 22 22 85 319 24 24 257 186 26 26 335 146 24 24 308 141 26 26 503 5 24 24 570 9 24 24 95 89 26 26 57 87 30 30 659 337 24 24 813 320 30 30 790 320 32 32 560 230 30 30 57 176 30 30 79 454 28 28 68 428 26 26 597 531 28 28 752 430 24 24 819 380 30 30
../sampleImages/018.jpg 1 423 128 22 22
../sampleImages/046.jpg 8 384 126 22 22 329 131 22 22 232 26 14 14 156 0 16 16 111 37 20 20 102 117 18 18 85 116 20 20 129 148 18 18
../sampleImages/007.jpg 25 123 42 8 8 160 20 8 8 190 21 8 8 174 81 8 8 157 103 8 8 137 118 8 8 131 117 8 8 121 128 8 8 139 59 8 8 52 106 8 8 18 135 8 8 45 23 8 8 84 21 8 8 188 4 8 8 215 40 8 8 203 61 8 8 238 63 8 8 231 63 8 8 227 75 8 8 187 121 8 8 121 144 8 8 72 140 8 8 66 139 8 8 42 158 8 8 1 115 8 8
../sampleImages/008.jpg 1 216 229 36 36
../sampleImages/045.jpg 9 105 98 12 12 226 177 14 14 136 186 14 14 118 183 14 14 26 128 12 12 43 92 12 12 20 64 14 14 161 30 14 14 206 37 10 10
../sampleImages/054.jpg 16 202 257 20 20 149 248 24 24 178 254 22 22 145 296 24 24 149 29 18 18 372 53 18 18 175 146 14 14 160 117 14 14 367 242 22 22 384 295 28 28 298 152 20 20 282 147 22 22 284 122 18 18 321 109 16 16 286 84 20 20 235 85 18 18
../sampleImages/041.jpg 7 178 22 16 16 221 20 20 20 528 21 18 18 297 118 20 20 234 103 14 14 237 113 8 8 158 23 16 16
../sampleImages/052.jpg 17 520 62 20 20 476 78 22 22 418 15 24 24 293 161 24 24 317 156 22 22 486 335 20 20 195 407 32 32 458 112 30 30 444 144 26 26 521 169 30 30 552 78 24 24 95 364 24 24 67 360 26 26 238 178 24 24 278 200 20 20 340 178 26 26 630 2 24 24
../sampleImages/044.jpg 16 379 190 32 32 338 199 32 32 220 44 38 38 171 163 40 40 106 29 36 36 26 45 32 32 96 164 42 42 640 310 38 38 716 340 34 34 404 380 38 38 398 453 40 40 312 420 42 42 648 50 46 46 583 331 36 36 515 248 42 42 794 541 48 48
../sampleImages/005.jpg 4 285 329 20 20 605 365 16 16 507 112 12 12 461 423 16 16
../sampleImages/003.jpg 26 140 71 8 8 26 71 8 8 19 89 8 8 52 75 8 8 41 58 8 8 132 143 8 8 151 146 8 8 182 144 8 8 180 168 8 8 159 167 8 8 87 168 8 8 68 155 8 8 55 159 8 8 38 144 8 8 32 158 8 8 213 19 8 8 296 57 8 8 333 98 8 8 285 184 8 8 249 161 10 10 230 160 12 12 215 154 8 8 204 158 12 12 129 233 12 12 16 228 14 14 206 204 12 12
../sampleImages/061.jpg 2 385 113 16 16 17 50 12 12
../sampleImages/059.jpg 8 574 127 184 184 293 297 212 212 416 422 140 140 25 293 154 154 722 477 186 186 879 243 160 160 1193 346 158 158 1187 503 184 184
../sampleImages/074.jpg 1 199 254 26 26
../sampleImages/057.jpg 45 590 379 20 20 572 380 24 24 478 379 24 24 342 326 28 28 675 132 24 24 851 27 24 24 896 25 24 24 95 311 22 22 324 397 22 22 447 514 26 26 496 482 30 30 548 499 26 26 527 495 26 26 656 406 26 26 686 408 28 28 188 354 22 22 210 352 22 22 39 419 26 26 911 77 24 24 879 79 20 20 626 197 24 24 609 210 22 22 1206 425 30 30 1021 243 30 30 1059 245 26 26 1025 162 30 30 1055 147 26 26 1088 149 28 28 1129 88 30 30 1064 35 22 22 1164 11 30 30 845 111 22 22 76 508 28 28 200 581 30 30 270 557 32 32 297 540 26 26 327 536 28 28 368 522 30 30 356 438 28 28 852 218 28 28 905 204 32 32 587 507 26 26 117 612 30 30 52 587 30 30 1210 118 28 28
